25-8-2023_21-8-54,50.00,600.00,0.50,94572.41,578.01,0.63,31.47,42.20,0.00,0.98,77.60,156.47,0.000000,0.000000,0.00,0.00,0,"0
"
25-8-2023_21-8-56,50.00,600.00,0.50,94567.89,578.41,1.03,31.47,41.97,0.27,0.99,84.18,155.80,0.000000,0.000000,0.00,0.00,0,"0
"
25-8-2023_21-8-57,50.00,600.00,0.50,94567.89,578.41,1.03,31.47,41.97,0.00,0.99,84.53,155.47,0.000000,0.000000,0.00,0.00,0,"0
"
25-8-2023_21-8-58,50.00,600.00,0.50,94567.89,578.41,1.03,31.47,41.97,0.00,0.99,84.13,154.81,0.000000,0.000000,0.00,0.00,0,"0
"
25-8-2023_21-8-59,50.00,600.00,0.50,94568.27,578.37,1.00,31.47,41.84,-0.02,0.99,85.57,156.00,0.000000,0.000000,0.00,0.00,0,"0
"
25-8-2023_21-9-1,50.00,600.00,0.50,94568.27,578.37,1.00,31.47,41.84,0.00,0.99,85.22,155.01,0.000000,0.000000,0.00,0.00,0,"0
"
25-8-2023_21-9-2,50.00,600.00,0.50,94568.27,578.37,1.00,31.47,41.84,0.00,0.99,85.16,154.79,0.000000,0.000000,0.00,0.00,0,"0
"
25-8-2023_21-9-4,50.00,600.00,0.50,94564.73,578.68,1.31,31.47,41.74,0.22,0.99,84.89,154.96,0.000000,0.000000,0.00,0.00,0,"0
"
25-8-2023_21-9-5,50.00,600.00,0.50,94564.73,578.68,1.31,31.47,41.74,0.00,0.99,85.28,154.96,0.000000,0.000000,0.00,0.00,0,"0
"
25-8-2023_21-9-6,50.00,600.00,0.50,94564.73,578.68,1.31,31.47,41.74,0.00,0.99,85.39,155.08,0.000000,0.000000,0.00,0.00,0,"0
"
25-8-2023_21-9-7,50.00,600.00,0.50,94569.06,578.30,0.93,31.48,41.70,-0.26,0.99,84.81,154.84,0.000000,0.000000,0.00,0.00,0,"0
"
25-8-2023_21-9-8,50.00,600.00,0.50,94569.06,578.30,0.93,31.48,41.70,0.00,0.99,85.16,154.79,0.000000,0.000000,0.00,0.00,0,"0
"
25-8-2023_21-9-10,50.00,600.00,0.50,94569.06,578.30,0.93,31.48,41.70,0.00,0.99,84.97,155.06,0.000000,0.000000,0.00,0.00,0,"0
"
25-8-2023_21-9-11,50.00,600.00,0.50,94569.10,578.30,0.92,31.48,41.61,-0.00,0.99,86.22,156.25,0.000000,0.000000,0.00,0.00,0,"0
"
25-8-2023_21-9-12,50.00,600.00,0.50,94569.10,578.30,0.92,31.48,41.61,0.00,0.99,86.24,156.41,0.000000,0.000000,0.00,0.00,0,"0
"
25-8-2023_21-9-14,50.00,600.00,0.50,94569.10,578.30,0.92,31.48,41.61,0.00,0.99,86.64,155.78,0.000000,0.000000,0.00,0.00,0,"0
"
25-8-2023_21-9-15,50.00,600.00,0.50,94567.17,578.47,1.10,31.48,41.98,0.12,0.99,85.40,156.13,0.000000,0.000000,0.00,0.00,0,"0
"
25-8-2023_21-9-16,50.00,600.00,0.50,94567.17,578.47,1.10,31.48,41.98,0.00,0.99,85.95,154.89,0.000000,0.000000,0.00,0.00,0,"0
"
25-8-2023_21-9-18,50.00,600.00,0.50,94567.17,578.47,1.10,31.48,41.98,0.00,0.99,85.30,156.09,0.000000,0.000000,0.00,0.00,0,"0
"
25-8-2023_21-9-19,50.00,600.00,0.50,94568.04,578.39,1.02,31.50,42.40,-0.05,0.99,86.03,155.16,0.000000,0.000000,0.00,0.00,0,"0
"
25-8-2023_21-9-20,50.00,600.00,0.50,94568.04,578.39,1.02,31.50,42.40,0.00,0.99,85.33,155.11,0.000000,0.000000,0.00,0.00,0,"0
"
25-8-2023_21-9-21,50.00,600.00,0.50,94568.04,578.39,1.02,31.50,42.40,0.00,0.99,85.43,155.80,0.000000,0.000000,0.00,0.00,0,"0
"
25-8-2023_21-9-23,50.00,600.00,0.50,94568.40,578.36,0.99,31.51,42.51,-0.02,0.98,85.48,155.58,0.000000,0.000000,0.00,0.00,0,"0
"
25-8-2023_21-9-24,50.00,600.00,0.50,94568.40,578.36,0.99,31.51,42.51,0.00,0.99,86.00,155.29,0.000000,0.000000,0.00,0.00,0,"0
"
25-8-2023_21-9-25,50.00,600.00,0.50,94568.40,578.36,0.99,31.51,42.51,0.00,0.99,85.64,154.56,0.000000,0.000000,0.00,0.00,0,"0
"
25-8-2023_21-9-27,50.00,600.00,0.50,94570.06,578.21,0.84,31.54,42.51,-0.10,0.99,86.03,155.51,0.000000,0.000000,0.00,0.00,0,"0
"
25-8-2023_21-9-28,50.00,600.00,0.50,94570.06,578.21,0.84,31.54,42.51,0.00,0.99,85.74,156.62,0.000000,0.000000,0.00,0.00,0,"0
"
25-8-2023_21-9-30,50.00,600.00,0.50,94570.06,578.21,0.84,31.54,42.51,0.00,0.99,84.87,155.04,0.000000,0.000000,0.00,0.00,0,"0
"
25-8-2023_21-9-31,50.00,600.00,0.50,94564.09,578.74,1.37,31.55,42.48,0.36,0.99,84.64,153.75,0.000000,0.000000,0.00,0.00,0,"0
"
25-8-2023_21-9-32,50.00,600.00,0.50,94564.09,578.74,1.37,31.55,42.48,0.00,0.99,85.50,153.76,0.000000,0.000000,0.00,0.00,0,"0
"
25-8-2023_21-9-33,50.00,600.00,0.50,94564.09,578.74,1.37,31.55,42.48,0.00,0.99,85.87,153.71,0.000000,0.000000,0.00,0.00,0,"0
"
25-8-2023_21-9-35,50.00,600.00,0.50,94563.01,578.84,1.47,31.55,42.28,0.07,0.99,83.28,153.69,0.000000,0.000000,0.00,0.00,0,"0
"
25-8-2023_21-9-36,50.00,600.00,0.50,94563.01,578.84,1.47,31.55,42.28,0.00,0.99,84.76,153.07,0.000000,0.000000,0.00,0.00,0,"0
"
25-8-2023_21-9-37,50.00,600.00,0.50,94563.01,578.84,1.47,31.55,42.28,0.00,0.99,84.63,153.48,0.000000,0.000000,0.00,0.00,0,"0
"
25-8-2023_21-9-38,50.00,600.00,0.50,94564.02,578.75,1.38,31.57,42.15,-0.06,0.99,85.65,153.96,0.000000,0.000000,0.00,0.00,0,"0
"
25-8-2023_21-9-40,50.00,600.00,0.50,94564.02,578.75,1.38,31.57,42.15,0.00,0.99,85.85,154.42,0.000000,0.000000,0.00,0.00,0,"0
"
25-8-2023_21-9-41,50.00,600.00,0.50,94564.02,578.75,1.38,31.57,42.15,0.00,0.99,86.38,154.51,0.000000,0.000000,0.00,0.00,0,"0
"
25-8-2023_21-9-42,50.00,600.00,0.50,94565.24,578.64,1.27,31.57,41.98,-0.07,0.99,84.92,156.00,0.000000,0.000000,0.00,0.00,0,"0
"
25-8-2023_21-9-44,50.00,600.00,0.50,94565.24,578.64,1.27,31.57,41.98,0.00,0.99,85.01,156.34,0.000000,0.000000,0.00,0.00,0,"0
"
25-8-2023_21-9-45,50.00,600.00,0.50,94565.24,578.64,1.27,31.57,41.98,0.00,0.99,86.41,154.81,0.000000,0.000000,0.00,0.00,0,"0
"
25-8-2023_21-9-46,50.00,600.00,0.50,94567.45,578.44,1.07,31.58,41.86,-0.13,0.99,85.23,155.29,0.000000,0.000000,0.00,0.00,0,"0
"
25-8-2023_21-9-48,50.00,600.00,0.50,94567.45,578.44,1.07,31.58,41.86,0.00,0.98,84.96,152.95,0.000000,0.000000,0.00,0.00,0,"0
"
25-8-2023_21-9-49,50.00,600.00,0.50,94567.45,578.44,1.07,31.58,41.86,0.00,0.98,85.11,153.06,0.000000,0.000000,0.00,0.00,0,"0
"
25-8-2023_21-9-51,50.00,600.00,0.50,94564.28,578.72,1.36,31.59,41.78,0.00,0.99,85.20,155.30,0.000000,0.000000,0.00,0.00,0,"0
"
25-8-2023_21-9-53,50.00,600.00,0.50,94564.28,578.72,1.36,31.59,41.78,0.00,0.99,85.00,155.36,0.000000,0.000000,0.00,0.00,0,"0
"
25-8-2023_21-9-54,50.00,600.00,0.50,94566.36,578.54,1.17,31.59,41.76,-0.13,0.99,84.98,155.37,0.000000,0.000000,0.00,0.00,0,"0
"
25-8-2023_21-9-55,50.00,600.00,0.50,94566.36,578.54,1.17,31.59,41.76,0.00,0.99,84.89,154.83,0.000000,0.000000,0.00,0.00,0,"0
"
25-8-2023_21-9-57,50.00,600.00,0.50,94566.36,578.54,1.17,31.59,41.76,0.00,0.99,85.17,155.54,0.000000,0.000000,0.00,0.00,0,"0
"
25-8-2023_21-9-58,50.00,600.00,0.50,94565.74,578.59,1.22,31.61,41.66,0.04,0.99,85.65,156.70,0.000000,0.000000,0.00,0.00,0,"0
"
25-8-2023_21-9-59,50.00,600.00,0.50,94565.74,578.59,1.22,31.61,41.66,0.00,0.99,85.50,156.74,0.000000,0.000000,0.00,0.00,0,"0
"
25-8-2023_21-10-0,50.00,600.00,0.50,94565.74,578.59,1.22,31.61,41.66,0.00,0.99,84.48,156.75,0.000000,0.000000,0.00,0.00,0,"0
"
25-8-2023_21-10-2,50.00,600.00,0.50,94558.21,579.26,1.90,31.61,41.57,0.46,0.99,85.16,156.96,0.000000,0.000000,0.00,0.00,0,"0
"
25-8-2023_21-10-4,50.00,600.00,0.50,94558.21,579.26,1.90,31.61,41.57,0.00,0.99,85.12,155.94,0.000000,0.000000,0.00,0.00,0,"0
"
25-8-2023_21-10-5,50.00,600.00,0.50,94558.21,579.26,1.90,31.61,41.57,0.00,0.99,85.63,157.66,0.000000,0.000000,0.00,0.00,0,"0
"
25-8-2023_21-10-5,50.00,600.00,0.50,94561.02,579.01,1.65,31.63,41.59,-0.17,0.99,85.42,158.03,0.000000,0.000000,0.00,0.00,0,"0
"
""
